10000
10001
10005
10006
10007
10008
10009
1000
10010
10011
10012
10013
10014
10017
10020
10022
10032
10033
10034
10037
10040
10041
10042
10043
10044
10045
10049
1004
10051
10053
10054
10055
10057
10058
10059
1005
10063
10064
10066
10069
1006
10070
10071
10074
10075
10076
10077
10078
1007
10084
10085
1008
10095
10098
1009
100
10100
10101
10103
10104
10107
10108
1010
10110
10111
10112
10114
10115
10116
10117
10119
10121
10122
10123
10124
10125
10127
10129
10130
10134
10138
10148
10155
1015
10163
10166
10171
10174
10178
10179
10180
10182
10183
10195
10198
10199
1019
10202
10205
10207
10212
10213
10218
10239
10248
10260
10261
10270
10277
10279
10283
10287
10289
10291
10292
10294
10297
102
10300
10313
10314
10315
10321
10322
10325
10340
10343
10347
10349
10350
10353
10355
10356
10357
10358
10360
10361
10363
10365
10366
10367
10368
10370
10372
10375
10377
10378
10380
10381
10383
10384
10386
10387
10388
10389
10390
10391
10393
10394
10396
10397
10400
10401
10403
10406
10407
10411
10415
10417
10425
10434
10435
10436
10437
10438
10442
10443
10446
1044
10450
10451
10454
10459
10461
10464
10467
10468
10471
10472
10473
10474
10477
10478
10480
10481
10483
10484
10485
10486
10487
10488
10489
10490
10491
10492
10494
10495
10497
104
10500
10504
10505
10515
10520
10532
10537
10545
10546
10557
1057
10589
1059
1061
10633
10638
1067
1069
10712
10714
10715
10716
10717
10723
1073
1074
1075
1078
10811
10813
10816
10817
1081
10825
10830
10831
10838
10841
10843
10845
10846
10849
10851
10858
10861
10864
10865
10876
1087
1088
10890
10899
1089
10900
10901
10904
10909
10913
10916
10918
1091
10920
10923
10924
10927
1092
10930
10931
10934
10935
10937
10954
10955
10956
10960
10964
10965
1096
10975
10977
10978
10980
10987
1098
10990
10997
10998
11002
11007
11009
11010
11018
1101
11028
1102
11033
11034
11035
11037
11039
1103
11047
11049
1104
11052
1105
11062
11066
11067
11071
11072
11075
1107
11082
11083
1109
11105
11107
11112
11114
11116
11117
1111
1112
11130
11140
11142
11143
11145
11147
11149
11150
11160
11162
11164
1116
11176
11181
1118
11192
11193
1119
11201
11222
1122
11235
11245
11249
1124
11262
11269
11271
11276
11278
11283
11286
11294
11298
11299
11303
11306
11309
11310
1131
11320
11322
11323
11331
11336
11343
11345
1134
11351
11353
11354
11358
11361
11364
1136
11370
11372
11377
11380
11387
11399
113
11402
11405
11406
11416
11417
1141
11424
11427
11430
11432
11435
1143
11442
11448
11449
1144
11450
11457
11459
1145
11465
11466
1146
11472
11476
1147
11481
1148
1149
11502
11505
11507
1150
11510
11518
11519
1151
11520
11527
11529
11530
11535
11552
11553
1155
11562
11563
11565
11566
11567
11569
1156
11570
11571
11574
1157
11580
11581
11582
11583
11586
11589
11599
1159
115
11600
11605
11607
11609
1160
11616
11620
11621
11623
11625
11627
11632
11635
11636
11637
11638
1163
11644
11646
11647
11648
11649
1164
11651
11652
11653
11655
11656
1165
11661
11662
11663
11665
11666
11667
11670
11671
11675
11677
11678
11682
11686
11688
11689
1168
11693
11694
11696
11700
11704
11705
11707
11709
1170
11710
11714
11721
11722
11725
11726
11727
11728
11729
11733
11734
11735
11736
11739
1173
11740
11741
11742
11743
11747
11748
11749
11756
1175
11760
11761
11762
11763
11764
11765
11767
11768
11769
11770
11773
11774
11775
11776
11777
11779
11781
11782
11783
11784
11786
11787
11788
11789
11791
11795
11797
11798
1179
11801
11806
11808
11809
1180
11816
11817
11818
11819
1182
11830
11845
11849
1184
11851
11852
11853
11855
11856
11858
11859
11860
11861
11862
11864
11865
11866
11869
1186
11870
11871
11872
11873
11879
11880
11896
11905
11908
11921
11927
11928
11929
1192
11930
11932
11933
11936
11940
11944
11946
11947
1194
11950
11951
11953
11955
11958
11962
11964
11965
11971
11976
11979
11980
11987
11990
11992
11993
11995
11997
11999
1199
119
12000
12003
12005
12006
12007
12009
12014
12018
1201
12028
12029
12030
12036
12037
12039
12050
12051
12055
12056
12062
12064
12065
12066
12067
1206
12073
12081
12082
12085
12089
12090
12091
12093
12094
12095
12096
12097
12098
1209
12102
12106
12107
12108
12109
12110
12111
12113
12114
12115
12116
12118
12119
12121
12127
12129
12130
12131
12132
12133
12135
12136
12137
12138
12139
12141
12142
12143
12144
12145
12147
12148
12149
12150
12151
12152
12154
12159
12160
12161
12162
12164
12165
12166
12167
1216
12171
12173
12174
12179
1217
12190
12191
12194
12195
12196
12198
12199
121
12201
12202
12206
12207
12209
12210
12211
12212
12213
12216
1221
12222
12225
12229
1222
12233
12235
12236
12237
12239
1223
12241
12242
12244
12245
12246
12248
12252
12253
12254
12255
12256
12257
12258
12261
12262
12263
12264
12265
12267
12268
12269
1226
12270
12271
12273
12274
12276
12278
12279
1227
12280
12281
12282
12286
12289
12290
12291
12293
12299
12300
12301
12303
12304
12305
12306
12307
12309
12310
12313
12316
12317
12318
12320
12321
12322
12324
12326
12327
12328
12329
12331
12339
1233
12340
12342
12346
12347
12349
1234
12351
12352
12353
12354
12355
12358
12360
12361
12362
12365
12366
12367
12370
12371
12380
12383
12385
12386
12388
12390
12392
12393
12394
12395
12396
12397
12398
12401
12402
12403
12405
12406
12407
12409
12410
12411
12412
12413
12414
12415
12416
12417
12418
12419
12422
12423
12424
12427
12428
1242
12430
12431
12433
12434
12435
12437
12438
12439
12440
12442
12443
12444
12447
12448
1244
12450
12451
12452
12453
12455
12456
12457
12458
12460
12461
12464
12465
12466
12468
12470
12471
12473
12474
12477
12478
12479
1247
12480
12484
12485
12487
12488
12491
12492
12494
12495
12500
12501
12503
12504
12505
12508
12511
12512
12513
12514
12515
12517
12518
12519
12521
12522
12533
12541
12544
12548
12553
12556
12558
12559
12560
12563
12569
12576
12579
12581
12582
12585
12588
1258
125
12601
12602
12604
12605
12616
12628
12631
12637
12638
12642
1266
1268
126
12703
12705
12706
12709
12710
12712
12719
12720
12721
12723
12725
12726
12729
12730
12732
12733
12734
12736
12737
12738
12743
12746
12747
12748
12753
12754
12757
12758
12762
12763
12764
12765
12766
12767
1276
12771
12772
12774
12775
12777
12783
12784
12785
12786
12791
12794
12796
127
12802
12803
12804
1280
12811
12813
12814
12818
12820
12823
12824
12825
12828
12829
1282
12830
12832
12836
12838
1283
12840
12841
12842
12843
12844
12847
12848
12849
12850
12851
12852
12854
12858
12859
12860
12861
12863
12864
12866
12867
12868
12869
12870
12872
12874
12875
12877
12878
12881
12887
12890
12891
12893
12901
1290
12927
1292
12942
12943
12944
12947
12948
12949
1294
12955
1295
12966
1296
12973
12974
12976
12977
12980
12981
12986
12996
12998
1299
12
13001
13005
13015
13016
13021
13022
1302
13030
13041
13042
13046
13059
1305
13060
13063
13071
13074
13079
13080
13086
13089
13099
1309
13100
13103
13114
13120
13123
13124
13126
13128
13130
13133
13138
13139
13140
13141
13142
13143
13150
13155
13156
13157
13159
1315
13160
13164
13165
13166
13168
13171
13172
13173
13176
13177
13178
13179
1317
13180
13181
13184
13187
1318
13191
13192
1322
1325
1328
13293
1330
13310
13324
1335
1339
1342
13442
13444
1344
1346
13490
134
13507
13539
13548
13559
1355
13560
13565
1357
1358
1359
13655
13658
13661
13668
1366
13673
13679
1368
1369
1370
1372
1373
1374
1378
13803
1380
13819
1381
13825
13828
13829
13837
1383
13848
13851
13860
13864
1386
13870
13874
1389
138
1390
13921
13928
1392
1393
1394
1395
1396
13970
13974
139
14013
1402
1403
1406
1407
14093
1409
140
14114
14116
1411
14133
1413
1415
1416
1417
1419
1420
1422
1423
14255
1425
1426
14274
1428
1429
142
1432
1434
14355
1435
1437
14381
1439
1440
1441
1442
1443
1444
1445
14467
1447
14481
1448
14495
144
14528
1453
14543
1454
1455
1456
1457
1458
1459
145
1460
1461
1462
14643
1468
1469
1470
1471
1472
1473
1474
1475
1478
1479
1480
1482
1483
1484
14859
1485
1486
14872
1487
148
1490
1491
14927
14955
1495
1496
14981
1498
14
1500
1501
1503
1504
1505
1506
1507
1514
1515
1516
1517
1518
1519
151
1521
1522
1523
1524
15251
15255
15264
15270
1527
15284
15290
15293
15297
1529
15306
1530
15312
15315
15328
1532
15330
1533
1534
15355
1535
15360
15364
1536
1537
1539
15435
1543
1544
1546
1547
1550
1552
1553
1556
1557
1558
1559
155
1561
1562
15637
1563
1565
1566
1567
1568
1569
1573
1575
1576
1577
1578
1580
1581
15820
1582
15836
1585
15867
1586
15875
1588
1589
1590
1591
15922
15925
15936
15937
1593
15942
15943
1594
1595
15961
15971
1597
1599
16004
1600
1602
1604
16055
1605
1606
1607
1609
1610
1612
1613
1614
1617
1618
1619
161
1620
1622
1623
1625
1626
1628
162
1631
1632
1633
1634
1635
16376
1637
1638
16392
1639
163
16414
16420
16421
16422
16430
16431
1643
1645
16463
16464
16468
16477
1647
16480
16481
16486
1648
16495
16497
16499
1649
16505
16512
16513
16515
1651
16528
1652
16537
1654
16551
1655
1657
1658
165
1661
1662
1663
1664
1669
166
1670
1672
1673
16744
16759
16760
16771
16772
1677
1678
1679
16801
1680
1681
1682
16833
1683
1684
1685
1686
1688
16908
1690
1691
1693
1696
16973
1697
1699
169
17002
17019
17026
17029
1702
17031
17034
17036
1703
17044
17047
17049
1704
17052
17056
17059
1705
17061
17062
17068
17069
1706
17072
17073
1709
1711
1712
17141
1714
1716
1717
17183
1718
17192
171
1720
17220
1722
1723
1724
1725
17288
1728
1729
1730
1731
1732
1736
17371
17373
17375
1737
17380
17381
1738
1739
1740
1741
1742
1743
1746
1747
17485
1748
174
1750
1753
1754
1756
17578
1757
1759
175
17608
1761
1764
1766
17670
1767
17692
1770
1773
17744
17754
1775
177
17853
17857
1785
17860
17868
1786
17873
17886
1788
17892
178
1791
17935
17940
17958
17959
1796
17971
17993
1800
18018
1801
18040
18077
1810
1811
18154
18178
1818
1819
18211
18213
1821
18234
1826
1827
18285
182
18300
1831
18320
18329
18334
1833
18345
1834
18353
18354
18380
18405
18410
1841
1843
18469
18498
1849
184
18528
1852
1855
1856
18579
1857
1858
1859
1860
18617
18622
18631
18637
18639
1863
18649
18651
18654
18680
1868
18691
18694
1869
186
18708
18713
18715
18716
18717
18718
18720
1872
1874
18763
1877
18781
1878
18797
1879
187
1880
18819
1882
18832
1883
1884
1885
1890
18914
18945
1895
1896
1897
18994
1899
189
18
1900
1901
19026
19040
19044
1904
19104
1911
1912
1919
1922
1923
1926
1927
1928
1929
19321
19338
1934
1936
1938
19390
1939
1940
1941
1942
1943
19448
1945
1946
1947
19495
1949
19503
1950
19518
1951
19536
1953
1954
1956
1957
1959
195
1960
1962
1963
1966
1967
196
1971
1973
1974
19767
19768
19785
1979
197
1980
19820
19821
1984
19857
1985
19882
1988
19891
19892
19894
19896
19897
19898
19900
19901
19918
1991
19922
19923
19925
19936
19939
1994
19955
19958
1995
19960
19963
19966
19968
1996
19972
19973
19978
19
20008
2000
2006
20089
2011
2012
2013
2016
2017
2018
201
2021
20261
202
20315
2031
2037
2039
20408
2041
2043
20447
20475
2048
20509
2050
2055
2056
20582
20592
20593
2059
2060
2061
20621
2063
20657
20664
20667
2066
20675
20676
20678
20679
20681
20689
206
20709
20714
20722
20732
20735
20741
20748
20756
2075
2076
20777
20796
207
20807
20808
20813
20815
20817
2082
2083
2084
2085
2086
20879
20889
208
20901
20912
20925
20930
20945
20950
20955
20961
20968
20969
2096
20971
2097
20981
20992
2099
20
21000
2100
2102
2104
2105
2106
21076
21087
2112
21190
2120
2122
2123
2126
2127
2129
2130
2131
2133
21345
2134
2135
21366
2139
21419
2141
2142
2143
2144
2146
2152
21536
21540
2154
21556
2155
2156
2157
215
21633
2163
2164
21653
2165
21680
21696
21698
216
21733
2173
21747
21756
21769
2178
21797
2179
21810
21811
21815
21825
21835
2183
21850
2185
21862
21869
21871
21874
21883
21887
21891
21899
218
21921
21923
2193
21995
21996
2199
21
22002
22004
2203
22077
22084
2208
2210
22114
22127
221
22
